1 9,65
2 14,54
3 15,60
4 17,56
5 16,10
6 19,36
7 21,40
8 25,06
9 25,52
10 18,49
11 22,47
12 25,44
13 16,48
14 24,74
15 21,23
16 28,73
17 24,65
18 28,95
19 27,45
20 22,75
21 33,28
22 24,73
23 26,96
24 28,96
25 28,46
26 32,51
27 24,67
28 30,91
29 30,33
30 26,65
31 29,04
32 27,86
33 31,37
34 22,00
35 19,93
36 21,72
37 26,28
38 31,20
39 27,70
40 22,53
41 30,33
42 24,98
43 29,80
44 30,38
45 22,98
46 30,06
47 31,89
48 24,02
49 33,81
50 22,18
51 28,34
52 26,18
53 31,40
54 29,50
55 25,63
56 26,74
57 28,14
58 26,28
59 26,90
60 28,31
61 28,31
62 30,91
63 20,32
64 29,06
65 27,60
66 28,35
67 26,07
68 28,63
69 28,15
70 23,60
71 26,97
72 20,41
73 25,66
74 27,37
75 26,36
76 25,75
77 27,14
78 27,07
79 31,48
80 17,16
81 30,09
82 25,48
83 24,19
84 26,75
85 23,37
86 22,78
87 26,34
88 25,33
89 24,59
90 24,24
91 25,30
92 23,70
93 23,65
94 24,19
95 23,26
96 26,60
97 22,59
98 23,40
99 20,83
100 24,73
101 22,23
102 23,75
103 24,13
104 24,71
105 21,62
106 23,84
107 23,55
108 24,92
109 23,05
110 23,16
111 24,55
112 24,29
113 22,71
114 22,48
115 24,08
116 22,16
117 23,93
118 23,58
119 24,72
120 23,98
121 26,58
122 23,89
123 23,40
124 24,55
125 23,77
126 23,81
127 23,31
128 25,32
129 24,98
130 26,21
131 22,63
132 31,88
133 19,14
134 22,46
135 20,39
136 19,09
137 21,64
138 18,74
139 20,43
140 20,56
141 18,65
142 20,53
143 20,15
144 20,38
145 22,02
146 21,74
147 20,87
148 24,29
149 21,24
150 23,32
151 23,71
152 21,63
153 23,48
154 23,46
155 22,56
156 22,96
157 22,06
158 20,79
159 21,76
160 22,79
161 21,02
162 21,82
163 21,15
164 28,26
165 17,30
166 21,39
167 19,21
168 21,77
169 19,58
170 24,61
171 16,04
172 21,28
173 20,91
174 19,15
175 21,99
176 17,50
177 21,74
178 21,21
179 21,15
180 19,37
181 25,47
182 16,10
183 23,66
184 16,40
185 19,50
186 25,01
187 20,75
188 20,12
189 19,99
190 20,32
191 21,28
192 21,04
193 20,62
194 25,58
195 17,07
196 24,63
197 17,99
198 21,46
199 21,47
200 21,16
201 25,60
202 21,98
203 20,57
204 17,57
205 17,87
206 18,44
207 19,41
208 22,50
209 19,94
210 21,03
211 24,15
212 20,64
213 14,89
214 20,33
215 19,22
216 22,37
217 21,45
218 21,87
219 18,06
220 22,92
221 19,47
222 19,33
223 18,73
224 23,99
225 18,48
226 20,36
227 21,87
228 19,32
229 17,85
230 22,26
231 22,47
232 19,84
233 22,16
234 19,62
235 23,25
236 21,80
237 25,62
238 15,81
239 26,40
240 17,74
241 22,99
242 19,38
243 24,72
244 21,89
245 13,40
246 23,55
247 21,50
248 23,98
249 20,31
250 22,21
251 20,82
252 21,94
253 19,79
254 21,65
255 24,52
256 17,64
257 21,45
258 21,77
259 18,46
260 18,66
261 22,44
262 21,41
263 23,62
264 19,44
265 21,13
266 21,79
267 19,83
268 21,67
269 16,52
270 23,08
271 17,61
272 20,92
273 20,82
274 20,81
275 19,54
276 21,37
277 10,52
