1 1,69
2 8,57
3 12,05
4 8,64
5 13,69
6 14,34
7 20,56
8 16,96
9 15,16
10 27,84
11 19,53
12 18,85
13 28,59
14 26,33
15 22,33
16 25,40
17 29,93
18 25,75
19 26,04
20 28,03
21 21,33
22 31,16
23 26,55
24 24,64
25 29,96
26 26,61
27 30,73
28 29,82
29 30,10
30 25,89
31 29,97
32 26,66
33 22,27
34 25,68
35 27,53
36 22,81
37 23,60
38 25,03
39 27,90
40 28,72
41 24,89
42 21,97
43 22,11
44 27,18
45 25,68
46 31,34
47 26,77
48 25,88
49 30,20
50 24,47
51 36,86
52 24,92
53 27,91
54 27,13
55 29,35
56 29,23
57 27,18
58 33,80
59 23,01
60 28,63
61 28,02
62 34,22
63 28,07
64 27,13
65 26,69
66 28,04
67 22,77
68 28,45
69 25,83
70 27,27
71 28,19
72 31,80
73 16,08
74 33,95
75 30,52
76 28,15
77 31,83
78 19,20
79 26,16
80 26,57
81 36,29
82 27,20
83 29,39
84 31,07
85 26,91
86 27,68
87 26,24
88 33,82
89 36,87
90 22,50
91 29,18
92 29,04
93 32,59
94 24,73
95 29,26
96 22,55
97 31,37
98 26,47
99 28,63
100 27,59
101 26,50
102 24,95
103 21,90
104 29,07
105 22,43
106 26,39
107 26,34
108 30,02
109 20,03
110 23,04
111 22,22
112 21,87
113 22,12
114 21,89
115 20,66
116 22,74
117 21,82
118 21,24
119 22,11
120 19,29
121 19,66
122 19,18
123 21,56
124 19,70
125 19,14
126 20,41
127 19,37
128 24,03
129 15,58
130 21,05
131 20,49
132 19,36
133 25,91
134 16,33
135 18,88
136 21,28
137 17,24
138 19,21
139 19,20
140 19,69
141 18,06
142 21,20
143 19,32
144 19,73
145 18,62
146 18,65
147 18,81
148 21,80
149 22,30
150 14,41
151 25,64
152 16,52
153 16,01
154 20,93
155 18,98
156 20,53
157 17,40
158 20,05
159 21,22
160 13,08
161 18,82
162 15,86
163 17,15
164 17,77
165 13,91
166 17,85
167 15,83
168 16,18
169 20,68
170 13,97
171 17,32
172 18,96
173 18,32
174 17,70
175 18,89
176 16,64
177 20,04
178 18,02
179 17,36
180 18,14
181 17,64
182 18,79
183 17,68
184 19,85
185 16,48
186 16,62
187 22,29
188 13,60
189 18,13
190 18,95
191 17,74
192 19,44
193 18,42
194 18,08
195 22,46
196 17,79
197 14,38
198 15,11
199 21,91
200 16,28
201 17,87
202 17,03
203 18,66
204 13,85
205 16,90
206 19,14
207 18,58
208 14,34
209 21,87
210 14,33
211 17,43
212 20,71
213 13,79
214 17,91
215 16,97
220 4,64
221 15,34
222 18,74
223 16,51
224 18,76
225 12,97
226 17,06
227 19,90
228 17,80
229 15,65
230 16,32
231 17,15
232 16,41
233 20,68
234 17,15
235 13,00
236 16,62
237 16,43
238 20,22
239 14,38
240 17,78
241 19,06
242 15,88
243 9,12
244 21,57
245 16,89
246 13,82
247 16,13
248 18,05
249 16,87
250 17,44
251 16,07
252 18,05
253 13,58
254 18,60
255 13,41
256 16,11
257 16,71
258 19,73
259 12,99
260 17,12
261 16,71
262 13,86
263 16,60
264 17,17
265 13,87
266 17,48
267 14,67
268 15,91
269 10,87
270 14,61
271 12,44
272 20,31
273 12,18
274 19,16
275 15,61
276 11,90
277 19,17
278 12,45
279 12,54
280 16,75
281 15,66
282 13,81
283 17,58
284 14,65
285 18,15
286 10,47
287 16,37
288 15,01
289 10,97
290 14,67
291 12,70
292 14,03
293 18,17
294 10,42
295 14,55
296 13,79
297 12,08
298 13,61
299 12,29
300 13,15
301 12,62
302 14,42
303 12,32
304 13,01
305 13,05
306 13,12
307 12,01
308 12,00
309 12,72
310 17,45
311 9,97
312 10,72
313 15,68
314 12,71
315 7,51
